Sample	aligned_reads	ambig_reads	discarded_reads	meth_chg	meth_chh	meth_cpg	no_alignments	percent_aligned	percent_chg_meth	percent_chh_meth	percent_cpg_meth	strand_ctob	strand_ctot	strand_ob	strand_ot	total_c	total_reads	unmeth_chg	unmeth_chh	unmeth_cpg
zr3644_10_L-1-0.6_PE_report	14711.0	4144.0	0.0	464.0	1778.0	7194.0	6145.0	58.843999999999994	0.5	0.5	10.9	3690.0	3620.0	3595.0	3806.0	517479.0	25000.0	89722.0	359727.0	58594.0
zr3644_10_L0-0.4_PE_report	12840.0	3927.0	0.0	398.0	1505.0	6605.0	8233.0	51.35999999999999	0.5	0.5	11.4	3189.0	3140.0	3155.0	3356.0	454793.0	25000.0	79574.0	315233.0	51478.0
zr3644_10_L0-0.6_PE_report	14653.0	4131.0	0.0	461.0	1769.0	7178.0	6216.0	58.611999999999995	0.5	0.5	11.0	3680.0	3605.0	3576.0	3792.0	515765.0	25000.0	89502.0	358501.0	58354.0
zr3644_10_L0-0.8_PE_report	15671.0	4259.0	0.0	485.0	2070.0	7513.0	5070.0	62.684	0.5	0.5	10.8	3960.0	3868.0	3835.0	4008.0	548956.0	25000.0	94554.0	382198.0	62136.0
zr3644_10_L0-1.0_PE_report	16426.0	4343.0	0.0	541.0	2589.0	7759.0	4231.0	65.704	0.5	0.6	10.7	4178.0	4041.0	4011.0	4196.0	572624.0	25000.0	98321.0	398416.0	64998.0
zr3644_10_PE_report	32600703.0	8583883.0	12.0	988430.0	4425031.0	16008802.0	10718126.0	62.8111744912289	0.5	0.6	11.0	8127174.0	8109007.0	8190202.0	8174308.0	1142823271.0	51902712.0	197857060.0	793767488.0	129776460.0
zr3644_11_L-1-0.6_PE_report	14700.0	3973.0	0.0	416.0	1691.0	6836.0	6327.0	58.8	0.5	0.5	10.4	3694.0	3615.0	3658.0	3733.0	513785.0	25000.0	89445.0	356651.0	58746.0
zr3644_11_L0-0.4_PE_report	12813.0	3773.0	0.0	356.0	1338.0	6195.0	8414.0	51.251999999999995	0.4	0.4	10.7	3239.0	3131.0	3181.0	3262.0	450495.0	25000.0	78972.0	311908.0	51726.0
zr3644_11_L0-0.6_PE_report	14617.0	3976.0	0.0	412.0	1674.0	6846.0	6407.0	58.467999999999996	0.5	0.5	10.5	3677.0	3589.0	3643.0	3708.0	511186.0	25000.0	89057.0	354715.0	58482.0
zr3644_11_L0-0.8_PE_report	15725.0	4126.0	0.0	455.0	1927.0	7109.0	5149.0	62.9	0.5	0.5	10.2	3939.0	3885.0	3925.0	3976.0	547003.0	25000.0	94739.0	380067.0	62706.0
zr3644_11_L0-1.0_PE_report	16520.0	4213.0	0.0	493.0	2303.0	7414.0	4267.0	66.08000000000001	0.5	0.6	10.2	4113.0	4096.0	4136.0	4175.0	571512.0	25000.0	98659.0	397089.0	65554.0
zr3644_11_PE_report	35206407.0	9274296.0	5.0	1066444.0	4783259.0	16690108.0	11582645.0	62.79754644692286	0.5	0.6	10.7	8830246.0	8806145.0	8793786.0	8776225.0	1230748721.0	56063348.0	212487210.0	855779668.0	139942032.0
zr3644_12_L-1-0.6_PE_report	14882.0	3945.0	0.0	376.0	1614.0	6552.0	6173.0	59.528000000000006	0.4	0.4	10.1	3753.0	3740.0	3759.0	3630.0	516052.0	25000.0	87603.0	361624.0	58283.0
zr3644_12_L0-0.4_PE_report	13021.0	3673.0	0.0	331.0	1345.0	6072.0	8306.0	52.083999999999996	0.4	0.4	10.6	3263.0	3301.0	3295.0	3162.0	454414.0	25000.0	77661.0	317783.0	51222.0
zr3644_12_L0-0.6_PE_report	14822.0	3931.0	0.0	372.0	1600.0	6530.0	6247.0	59.288	0.4	0.4	10.1	3740.0	3719.0	3741.0	3622.0	514200.0	25000.0	87321.0	360242.0	58135.0
zr3644_12_L0-0.8_PE_report	15949.0	4017.0	0.0	404.0	1753.0	6747.0	5034.0	63.796	0.4	0.5	9.8	4009.0	3985.0	4034.0	3921.0	550506.0	25000.0	92923.0	386238.0	62441.0
zr3644_12_L0-1.0_PE_report	16710.0	4105.0	0.0	434.0	2110.0	6897.0	4185.0	66.84	0.4	0.5	9.5	4200.0	4203.0	4233.0	4074.0	574456.0	25000.0	96495.0	403080.0	65440.0
zr3644_12_PE_report	29891695.0	7359029.0	8.0	841033.0	3711172.0	12700548.0	9598847.0	63.80356182984045	0.5	0.5	9.8	7520211.0	7493486.0	7445352.0	7432638.0	1041306706.0	46849571.0	174319861.0	732497138.0	117236954.0
zr3644_13_L-1-0.6_PE_report	14891.0	3929.0	0.0	496.0	1845.0	7381.0	6180.0	59.56399999999999	0.5	0.5	11.1	3724.0	3701.0	3813.0	3653.0	527035.0	25000.0	91539.0	366935.0	58839.0
zr3644_13_L0-0.4_PE_report	12995.0	3708.0	0.0	432.0	1418.0	6815.0	8297.0	51.980000000000004	0.5	0.4	11.7	3300.0	3215.0	3335.0	3145.0	463248.0	25000.0	81128.0	321988.0	51467.0
zr3644_13_L0-0.6_PE_report	14821.0	3935.0	0.0	495.0	1839.0	7348.0	6244.0	59.284000000000006	0.5	0.5	11.1	3709.0	3682.0	3789.0	3641.0	524910.0	25000.0	91111.0	365456.0	58661.0
zr3644_13_L0-0.8_PE_report	15912.0	4036.0	0.0	522.0	2081.0	7718.0	5052.0	63.648	0.5	0.5	11.0	4010.0	3934.0	4061.0	3907.0	560841.0	25000.0	96908.0	390851.0	62761.0
zr3644_13_L0-1.0_PE_report	16677.0	4138.0	0.0	574.0	2315.0	7920.0	4185.0	66.708	0.6	0.6	10.8	4205.0	4104.0	4255.0	4113.0	584880.0	25000.0	100676.0	407929.0	65466.0
zr3644_13_PE_report	33654394.0	8541005.0	3.0	1024928.0	4539184.0	15795082.0	11108037.0	63.13738198790787	0.5	0.5	10.6	8430117.0	8407185.0	8412434.0	8404655.0	1183484900.0	53303436.0	203159538.0	825603264.0	133362904.0
zr3644_14_L-1-0.6_PE_report	15044.0	3866.0	0.0	476.0	1937.0	8278.0	6090.0	60.175999999999995	0.5	0.5	12.3	3876.0	3776.0	3708.0	3684.0	528415.0	25000.0	91374.0	367350.0	59000.0
zr3644_14_L0-0.4_PE_report	13148.0	3668.0	0.0	400.0	1644.0	7636.0	8184.0	52.592000000000006	0.5	0.5	12.9	3414.0	3305.0	3235.0	3194.0	464509.0	25000.0	81099.0	322112.0	51618.0
zr3644_14_L0-0.6_PE_report	14986.0	3859.0	0.0	471.0	1906.0	8254.0	6155.0	59.943999999999996	0.5	0.5	12.3	3856.0	3767.0	3704.0	3659.0	526499.0	25000.0	91096.0	365976.0	58796.0
zr3644_14_L0-0.8_PE_report	16044.0	3954.0	0.0	503.0	2255.0	8596.0	5002.0	64.176	0.5	0.6	12.1	4136.0	4006.0	3949.0	3953.0	561333.0	25000.0	96610.0	390806.0	62563.0
zr3644_14_L0-1.0_PE_report	16815.0	4064.0	0.0	554.0	2824.0	8874.0	4121.0	67.25999999999999	0.5	0.7	12.0	4313.0	4205.0	4127.0	4170.0	584880.0	25000.0	100371.0	407075.0	65182.0
zr3644_14_PE_report	23105310.0	5904462.0	1.0	724676.0	3166224.0	12187417.0	7331089.0	63.579423723615136	0.5	0.6	11.9	5807850.0	5794524.0	5756482.0	5746453.0	808330026.0	36340861.0	138926513.0	563174147.0	90151049.0
zr3644_15_L-1-0.6_PE_report	14980.0	3908.0	0.0	459.0	1904.0	7739.0	6112.0	59.919999999999995	0.5	0.5	11.5	3754.0	3803.0	3770.0	3653.0	527075.0	25000.0	90979.0	366437.0	59557.0
zr3644_15_L0-0.4_PE_report	13181.0	3671.0	0.0	397.0	1592.0	7104.0	8148.0	52.724000000000004	0.5	0.5	11.9	3345.0	3318.0	3303.0	3215.0	466202.0	25000.0	80833.0	323681.0	52595.0
zr3644_15_L0-0.6_PE_report	14913.0	3896.0	0.0	459.0	1883.0	7713.0	6191.0	59.65200000000001	0.5	0.5	11.5	3753.0	3780.0	3750.0	3630.0	524946.0	25000.0	90590.0	364968.0	59333.0
zr3644_15_L0-0.8_PE_report	15977.0	4021.0	0.0	503.0	2299.0	8053.0	5002.0	63.908	0.5	0.6	11.3	3997.0	4026.0	4041.0	3913.0	559294.0	25000.0	96268.0	389021.0	63150.0
zr3644_15_L0-1.0_PE_report	16763.0	4069.0	0.0	541.0	2727.0	8253.0	4168.0	67.052	0.5	0.7	11.1	4173.0	4248.0	4248.0	4094.0	584403.0	25000.0	100020.0	406836.0	66026.0
zr3644_15_PE_report	37014991.0	9377699.0	13.0	1140569.0	5061560.0	18579183.0	12042787.0	63.34335390126105	0.5	0.6	11.3	9257738.0	9245832.0	9264672.0	9246736.0	1298084628.0	58435477.0	222764259.0	904638007.0	145901050.0
zr3644_16_L-1-0.6_PE_report	14980.0	4122.0	0.0	463.0	1707.0	7348.0	5898.0	59.919999999999995	0.5	0.5	11.2	3783.0	3759.0	3713.0	3725.0	519784.0	25000.0	90836.0	361105.0	58325.0
zr3644_16_L0-0.4_PE_report	13200.0	3889.0	0.0	413.0	1424.0	6687.0	7911.0	52.800000000000004	0.5	0.4	11.5	3294.0	3329.0	3294.0	3283.0	461221.0	25000.0	80964.0	320039.0	51694.0
zr3644_16_L0-0.6_PE_report	14906.0	4128.0	0.0	458.0	1648.0	7356.0	5966.0	59.624	0.5	0.5	11.2	3753.0	3755.0	3690.0	3708.0	517600.0	25000.0	90542.0	359530.0	58066.0
zr3644_16_L0-0.8_PE_report	15975.0	4241.0	0.0	483.0	1978.0	7599.0	4784.0	63.9	0.5	0.5	10.9	4019.0	3993.0	3975.0	3988.0	552614.0	25000.0	95964.0	384306.0	62284.0
zr3644_16_L0-1.0_PE_report	16757.0	4339.0	0.0	507.0	2664.0	7849.0	3904.0	67.02799999999999	0.5	0.7	10.8	4200.0	4195.0	4160.0	4202.0	576477.0	25000.0	99672.0	400735.0	65050.0
zr3644_16_PE_report	32039253.0	8621632.0	5.0	954245.0	4234313.0	15186707.0	9725717.0	63.58684993284525	0.5	0.5	10.7	8029185.0	8017160.0	8003653.0	7989250.0	1111194788.0	50386602.0	192001572.0	772616241.0	126201710.0
zr3644_17_L-1-0.6_PE_report	14900.0	4311.0	0.0	447.0	1911.0	7490.0	5789.0	59.599999999999994	0.5	0.5	11.2	3733.0	3697.0	3737.0	3733.0	522211.0	25000.0	90793.0	362465.0	59105.0
zr3644_17_L0-0.4_PE_report	13137.0	4061.0	0.0	389.0	1587.0	6804.0	7802.0	52.547999999999995	0.5	0.5	11.5	3277.0	3251.0	3287.0	3322.0	463143.0	25000.0	81120.0	320809.0	52434.0
zr3644_17_L0-0.6_PE_report	14829.0	4309.0	0.0	441.0	1895.0	7466.0	5862.0	59.316	0.5	0.5	11.3	3716.0	3681.0	3715.0	3717.0	519855.0	25000.0	90425.0	360820.0	58808.0
zr3644_17_L0-0.8_PE_report	15825.0	4437.0	0.0	485.0	2197.0	7786.0	4738.0	63.3	0.5	0.6	11.1	3972.0	3917.0	3945.0	3991.0	552181.0	25000.0	95612.0	383497.0	62604.0
zr3644_17_L0-1.0_PE_report	16610.0	4507.0	0.0	517.0	2716.0	8044.0	3883.0	66.44	0.5	0.7	10.9	4163.0	4118.0	4139.0	4190.0	576682.0	25000.0	99469.0	400357.0	65579.0
zr3644_17_PE_report	36128344.0	10146667.0	4.0	1108634.0	4917314.0	17215731.0	11154732.0	62.90876837112087	0.5	0.6	10.6	9075718.0	9044440.0	9015738.0	8992444.0	1269016245.0	57429743.0	220269824.0	880784505.0	144720237.0
zr3644_18_L-1-0.6_PE_report	15034.0	4086.0	1.0	429.0	1931.0	7373.0	5880.0	60.136	0.5	0.5	10.9	3768.0	3801.0	3771.0	3693.0	526927.0	25000.0	92378.0	364791.0	60025.0
zr3644_18_L0-0.4_PE_report	13176.0	3839.0	0.0	353.0	1561.0	6829.0	7985.0	52.70399999999999	0.4	0.5	11.4	3318.0	3289.0	3332.0	3237.0	464660.0	25000.0	82070.0	320923.0	52924.0
zr3644_18_L0-0.6_PE_report	14974.0	4077.0	1.0	431.0	1929.0	7360.0	5949.0	59.89600000000001	0.5	0.5	11.0	3760.0	3774.0	3753.0	3686.0	524931.0	25000.0	92017.0	363413.0	59781.0
zr3644_18_L0-0.8_PE_report	15985.0	4185.0	1.0	465.0	2171.0	7702.0	4830.0	63.94	0.5	0.6	10.8	4018.0	4045.0	4009.0	3912.0	557933.0	25000.0	97254.0	386626.0	63715.0
zr3644_18_L0-1.0_PE_report	16784.0	4270.0	1.0	507.0	2491.0	7911.0	3946.0	67.136	0.5	0.6	10.6	4253.0	4233.0	4202.0	4095.0	583153.0	25000.0	101468.0	404084.0	66692.0
zr3644_18_PE_report	32453802.0	8413375.0	17.0	998068.0	4389184.0	15566929.0	10076246.0	63.705577852512974	0.5	0.6	10.8	8110541.0	8092160.0	8132027.0	8119057.0	1137312620.0	50943423.0	197551089.0	789881841.0	128925509.0
zr3644_19_L-1-0.6_PE_report	14841.0	4024.0	0.0	443.0	1954.0	6692.0	6135.0	59.364	0.5	0.5	10.2	3777.0	3727.0	3712.0	3625.0	518647.0	25000.0	89143.0	361219.0	59196.0
zr3644_19_L0-0.4_PE_report	12960.0	3798.0	0.0	364.0	1514.0	6132.0	8242.0	51.839999999999996	0.5	0.5	10.6	3298.0	3250.0	3236.0	3176.0	455660.0	25000.0	79137.0	316701.0	51812.0
zr3644_19_L0-0.6_PE_report	14783.0	4026.0	0.0	440.0	1847.0	6711.0	6191.0	59.132	0.5	0.5	10.2	3778.0	3708.0	3695.0	3602.0	516948.0	25000.0	88978.0	360028.0	58944.0
zr3644_19_L0-0.8_PE_report	15825.0	4141.0	0.0	482.0	2256.0	6985.0	5034.0	63.3	0.5	0.6	10.0	4004.0	3991.0	3987.0	3843.0	550664.0	25000.0	94373.0	383514.0	63054.0
zr3644_19_L0-1.0_PE_report	16645.0	4220.0	0.0	514.0	2588.0	7187.0	4135.0	66.58	0.5	0.6	9.8	4235.0	4187.0	4170.0	4053.0	576664.0	25000.0	98430.0	401885.0	66060.0
zr3644_19_PE_report	30819746.0	7994485.0	30.0	928642.0	4162251.0	14190963.0	9827336.0	63.360923384725666	0.5	0.6	10.4	7721438.0	7705238.0	7704402.0	7688638.0	1077038409.0	48641567.0	185666347.0	749763989.0	122326217.0
zr3644_1_L-1-0.6_PE_report	14878.0	4260.0	0.0	376.0	1640.0	6793.0	5862.0	59.512	0.4	0.5	10.2	3674.0	3681.0	3792.0	3731.0	522146.0	25000.0	90905.0	362700.0	59732.0
zr3644_1_L0-0.4_PE_report	13006.0	4017.0	0.0	333.0	1307.0	6252.0	7977.0	52.024	0.4	0.4	10.7	3234.0	3198.0	3317.0	3257.0	458776.0	25000.0	80568.0	318118.0	52198.0
zr3644_1_L0-0.6_PE_report	14820.0	4248.0	0.0	376.0	1626.0	6790.0	5932.0	59.28	0.4	0.4	10.2	3658.0	3673.0	3763.0	3726.0	520392.0	25000.0	90663.0	361373.0	59564.0
zr3644_1_L0-0.8_PE_report	15844.0	4385.0	0.0	404.0	1908.0	7038.0	4771.0	63.376	0.4	0.5	10.0	3913.0	3939.0	4003.0	3989.0	553837.0	25000.0	96043.0	384753.0	63691.0
zr3644_1_L0-1.0_PE_report	16627.0	4459.0	0.0	447.0	2368.0	7304.0	3914.0	66.508	0.4	0.6	9.9	4113.0	4118.0	4212.0	4184.0	578705.0	25000.0	99974.0	402079.0	66533.0
zr3644_1_PE_report	32369341.0	8688597.0	6.0	941280.0	4169554.0	14090283.0	9935513.0	63.47744732946198	0.5	0.5	9.8	8055305.0	8037717.0	8144857.0	8131456.0	1131728708.0	50993451.0	195722254.0	787771915.0	129033422.0
zr3644_20_L-1-0.6_PE_report	14910.0	3861.0	0.0	429.0	1823.0	7226.0	6229.0	59.64	0.5	0.5	10.8	3828.0	3887.0	3674.0	3521.0	525865.0	25000.0	91510.0	365027.0	59850.0
zr3644_20_L0-0.4_PE_report	12986.0	3629.0	0.0	364.0	1446.0	6567.0	8385.0	51.944	0.4	0.5	11.1	3343.0	3386.0	3219.0	3038.0	460768.0	25000.0	80737.0	319256.0	52398.0
zr3644_20_L0-0.6_PE_report	14857.0	3858.0	0.0	423.0	1815.0	7203.0	6285.0	59.428000000000004	0.5	0.5	10.8	3815.0	3884.0	3668.0	3490.0	523949.0	25000.0	91214.0	363767.0	59527.0
zr3644_20_L0-0.8_PE_report	15904.0	3970.0	0.0	452.0	2084.0	7608.0	5126.0	63.61599999999999	0.5	0.5	10.7	4089.0	4116.0	3943.0	3756.0	558654.0	25000.0	96926.0	387957.0	63627.0
zr3644_20_L0-1.0_PE_report	16689.0	4043.0	0.0	470.0	2460.0	7806.0	4268.0	66.756	0.5	0.6	10.5	4283.0	4333.0	4130.0	3943.0	582954.0	25000.0	100740.0	404989.0	66489.0
zr3644_20_PE_report	33612893.0	8489603.0	23.0	1036445.0	4543913.0	15669638.0	11287575.0	62.957198539780926	0.5	0.5	10.5	8717414.0	8697269.0	8107299.0	8090888.0	1179732756.0	53390071.0	202852620.0	821878322.0	133751818.0
zr3644_21_L-1-0.6_PE_report	14837.0	3920.0	0.0	420.0	1743.0	7017.0	6243.0	59.348	0.5	0.5	10.6	3773.0	3715.0	3640.0	3709.0	521330.0	25000.0	90059.0	363020.0	59071.0
zr3644_21_L0-0.4_PE_report	12909.0	3695.0	0.0	351.0	1437.0	6402.0	8396.0	51.636	0.4	0.5	11.0	3294.0	3280.0	3135.0	3200.0	456758.0	25000.0	79402.0	317556.0	51610.0
zr3644_21_L0-0.6_PE_report	14766.0	3925.0	0.0	418.0	1736.0	7010.0	6309.0	59.06400000000001	0.5	0.5	10.7	3760.0	3689.0	3617.0	3700.0	518962.0	25000.0	89671.0	361356.0	58771.0
zr3644_21_L0-0.8_PE_report	15883.0	4042.0	0.0	460.0	1936.0	7242.0	5075.0	63.532	0.5	0.5	10.3	4041.0	3971.0	3890.0	3981.0	555797.0	25000.0	95527.0	387517.0	63115.0
zr3644_21_L0-1.0_PE_report	16655.0	4130.0	0.0	495.0	2369.0	7445.0	4215.0	66.62	0.5	0.6	10.1	4243.0	4169.0	4085.0	4158.0	579415.0	25000.0	99394.0	403680.0	66032.0
zr3644_21_PE_report	31890266.0	8086586.0	15.0	966084.0	4237101.0	14940278.0	10480449.0	63.20248084613166	0.5	0.5	10.5	7982430.0	7962703.0	7980517.0	7964601.0	1118197813.0	50457301.0	192431016.0	778659901.0	126963433.0
zr3644_22_L-1-0.6_PE_report	14945.0	4050.0	0.0	432.0	1820.0	7047.0	6005.0	59.78	0.5	0.5	10.4	3677.0	3744.0	3733.0	3791.0	527195.0	25000.0	91242.0	365804.0	60850.0
zr3644_22_L0-0.4_PE_report	13074.0	3848.0	0.0	371.0	1440.0	6501.0	8078.0	52.296	0.5	0.4	10.8	3239.0	3256.0	3244.0	3335.0	463885.0	25000.0	80918.0	321001.0	53654.0
zr3644_22_L0-0.6_PE_report	14889.0	4040.0	0.0	430.0	1821.0	7053.0	6071.0	59.556	0.5	0.5	10.4	3664.0	3725.0	3710.0	3790.0	525315.0	25000.0	90914.0	364482.0	60615.0
zr3644_22_L0-0.8_PE_report	15900.0	4186.0	0.0	482.0	2086.0	7405.0	4914.0	63.6	0.5	0.5	10.3	3936.0	3984.0	3951.0	4029.0	559100.0	25000.0	96540.0	388112.0	64475.0
zr3644_22_L0-1.0_PE_report	16703.0	4252.0	0.0	534.0	2793.0	7654.0	4045.0	66.81200000000001	0.5	0.7	10.2	4131.0	4205.0	4153.0	4214.0	584389.0	25000.0	100449.0	405611.0	67348.0
zr3644_22_PE_report	29926191.0	7720075.0	11.0	923552.0	4072334.0	14201525.0	9373380.0	63.64614272085333	0.5	0.6	10.6	7516667.0	7500072.0	7463147.0	7446294.0	1054003352.0	47019646.0	182811844.0	731969181.0	120024916.0
zr3644_23_L-1-0.6_PE_report	14920.0	4159.0	0.0	507.0	1885.0	7018.0	5921.0	59.68	0.6	0.5	10.5	3728.0	3677.0	3793.0	3722.0	521613.0	25000.0	90624.0	361514.0	60065.0
zr3644_23_L0-0.4_PE_report	13071.0	3920.0	0.0	432.0	1539.0	6417.0	8009.0	52.284	0.5	0.5	10.8	3237.0	3244.0	3341.0	3249.0	459292.0	25000.0	80301.0	317769.0	52834.0
zr3644_23_L0-0.6_PE_report	14853.0	4157.0	0.0	508.0	1851.0	6981.0	5990.0	59.412	0.6	0.5	10.5	3696.0	3666.0	3785.0	3706.0	519440.0	25000.0	90338.0	360030.0	59732.0
zr3644_23_L0-0.8_PE_report	15905.0	4245.0	0.0	536.0	2168.0	7272.0	4850.0	63.62	0.6	0.6	10.2	3959.0	3938.0	4055.0	3953.0	554440.0	25000.0	95934.0	384514.0	64016.0
zr3644_23_L0-1.0_PE_report	16664.0	4320.0	0.0	586.0	2625.0	7435.0	4016.0	66.656	0.6	0.6	10.0	4167.0	4111.0	4228.0	4158.0	578996.0	25000.0	99821.0	401393.0	67136.0
zr3644_23_PE_report	25336717.0	6703350.0	13.0	774415.0	3436488.0	11770515.0	7862442.0	63.49655105647617	0.5	0.6	10.4	6317472.0	6304328.0	6365750.0	6349154.0	886020469.0	39902509.0	153146269.0	615826869.0	101065913.0
zr3644_24_L-1-0.6_PE_report	15141.0	3940.0	0.0	449.0	1774.0	7101.0	5919.0	60.56399999999999	0.5	0.5	10.4	3810.0	3777.0	3770.0	3784.0	534590.0	25000.0	93590.0	370390.0	61286.0
zr3644_24_L0-0.4_PE_report	13319.0	3703.0	0.0	387.0	1504.0	6488.0	7978.0	53.276	0.5	0.5	10.7	3334.0	3331.0	3295.0	3359.0	472726.0	25000.0	83348.0	326800.0	54199.0
zr3644_24_L0-0.6_PE_report	15071.0	3936.0	0.0	448.0	1766.0	7083.0	5993.0	60.284000000000006	0.5	0.5	10.4	3803.0	3759.0	3743.0	3766.0	532161.0	25000.0	93231.0	368687.0	60946.0
zr3644_24_L0-0.8_PE_report	16115.0	4051.0	0.0	484.0	2175.0	7420.0	4834.0	64.46	0.5	0.6	10.3	4084.0	4014.0	3997.0	4020.0	566559.0	25000.0	98949.0	392587.0	64944.0
zr3644_24_L0-1.0_PE_report	16890.0	4125.0	0.0	527.0	2624.0	7611.0	3985.0	67.56	0.5	0.6	10.1	4258.0	4197.0	4217.0	4218.0	591692.0	25000.0	102918.0	410008.0	68004.0
zr3644_24_PE_report	33295866.0	8601555.0	7.0	1019331.0	4509613.0	15619242.0	10346624.0	63.731409005562256	0.5	0.6	10.5	8335314.0	8326492.0	8326031.0	8308022.0	1172391602.0	52244045.0	202834690.0	815205706.0	133203020.0
zr3644_2_L-1-0.6_PE_report	14882.0	3985.0	0.0	448.0	1922.0	7128.0	6133.0	59.528000000000006	0.5	0.5	10.7	3712.0	3758.0	3711.0	3701.0	528994.0	25000.0	90260.0	369978.0	59258.0
zr3644_2_L0-0.4_PE_report	12990.0	3751.0	0.0	396.0	1579.0	6443.0	8259.0	51.959999999999994	0.5	0.5	11.0	3258.0	3291.0	3217.0	3224.0	464999.0	25000.0	79746.0	324753.0	52082.0
zr3644_2_L0-0.6_PE_report	14822.0	3973.0	0.0	447.0	1884.0	7124.0	6205.0	59.288	0.5	0.5	10.8	3701.0	3742.0	3687.0	3692.0	527199.0	25000.0	90002.0	368707.0	59035.0
zr3644_2_L0-0.8_PE_report	15908.0	4061.0	0.0	479.0	2179.0	7380.0	5031.0	63.632	0.5	0.6	10.5	3975.0	3998.0	3973.0	3962.0	562784.0	25000.0	95792.0	393951.0	63003.0
zr3644_2_L0-1.0_PE_report	16599.0	4183.0	0.0	519.0	2552.0	7552.0	4218.0	66.396	0.5	0.6	10.3	4157.0	4146.0	4156.0	4140.0	583785.0	25000.0	99106.0	408580.0	65476.0
zr3644_2_PE_report	34518538.0	8989918.0	24.0	1026185.0	4563014.0	15827434.0	11517458.0	62.731421417189004	0.5	0.5	10.3	8634917.0	8615896.0	8641872.0	8625829.0	1219646118.0	55025914.0	208064918.0	852657502.0	137507065.0
zr3644_3_L-1-0.6_PE_report	14629.0	4091.0	0.0	426.0	1760.0	7156.0	6280.0	58.516	0.5	0.5	11.0	3671.0	3642.0	3639.0	3677.0	511510.0	25000.0	88618.0	355469.0	58081.0
zr3644_3_L0-0.4_PE_report	12775.0	3840.0	0.0	356.0	1474.0	6506.0	8385.0	51.1	0.5	0.5	11.4	3193.0	3212.0	3177.0	3193.0	448822.0	25000.0	78094.0	311734.0	50658.0
zr3644_3_L0-0.6_PE_report	14568.0	4089.0	0.0	424.0	1748.0	7143.0	6343.0	58.272	0.5	0.5	11.0	3655.0	3627.0	3622.0	3664.0	509671.0	25000.0	88316.0	354187.0	57853.0
zr3644_3_L0-0.8_PE_report	15660.0	4185.0	0.0	469.0	2075.0	7473.0	5155.0	62.63999999999999	0.5	0.5	10.7	3914.0	3896.0	3909.0	3941.0	545462.0	25000.0	93980.0	379192.0	62273.0
zr3644_3_L0-1.0_PE_report	16465.0	4268.0	0.0	516.0	2486.0	7769.0	4267.0	65.86	0.5	0.6	10.7	4105.0	4121.0	4104.0	4135.0	570567.0	25000.0	97854.0	396815.0	65127.0
zr3644_3_PE_report	24403736.0	6404675.0	9.0	720284.0	3208919.0	11302258.0	8105198.0	62.71260010861496	0.5	0.5	10.4	6128872.0	6112281.0	6088669.0	6073905.0	855764184.0	38913609.0	146783931.0	596833451.0	96915341.0
zr3644_4_L-1-0.6_PE_report	14831.0	3908.0	0.0	417.0	1777.0	6873.0	6261.0	59.324	0.5	0.5	10.5	3775.0	3724.0	3700.0	3632.0	520539.0	25000.0	88658.0	364291.0	58523.0
zr3644_4_L0-0.4_PE_report	12949.0	3692.0	0.0	365.0	1436.0	6361.0	8359.0	51.796	0.5	0.4	11.0	3331.0	3259.0	3203.0	3156.0	458144.0	25000.0	78512.0	320079.0	51391.0
zr3644_4_L0-0.6_PE_report	14741.0	3905.0	0.0	413.0	1767.0	6805.0	6354.0	58.964000000000006	0.5	0.5	10.5	3747.0	3689.0	3685.0	3620.0	517949.0	25000.0	88223.0	362505.0	58236.0
zr3644_4_L0-0.8_PE_report	15874.0	4019.0	0.0	452.0	2205.0	7211.0	5107.0	63.495999999999995	0.5	0.6	10.4	4041.0	3976.0	3954.0	3903.0	554928.0	25000.0	94231.0	388445.0	62384.0
zr3644_4_L0-1.0_PE_report	16615.0	4127.0	0.0	490.0	2469.0	7372.0	4258.0	66.46	0.5	0.6	10.2	4246.0	4138.0	4114.0	4117.0	578451.0	25000.0	98049.0	404864.0	65207.0
zr3644_4_PE_report	31176029.0	7956748.0	23.0	897413.0	3904845.0	14041365.0	10173471.0	63.22936801031788	0.5	0.5	10.2	7793769.0	7783361.0	7807578.0	7791298.0	1095445149.0	49306248.0	186504782.0	766086978.0	124009766.0
zr3644_5_L-1-0.6_PE_report	14804.0	3976.0	0.0	496.0	1805.0	7340.0	6220.0	59.216	0.5	0.5	11.1	3608.0	3737.0	3727.0	3732.0	523481.0	25000.0	90728.0	364110.0	59002.0
zr3644_5_L0-0.4_PE_report	12910.0	3769.0	0.0	423.0	1568.0	6754.0	8321.0	51.64	0.5	0.5	11.6	3121.0	3291.0	3243.0	3255.0	459013.0	25000.0	80095.0	318638.0	51535.0
zr3644_5_L0-0.6_PE_report	14750.0	3970.0	0.0	490.0	1798.0	7347.0	6280.0	59.0	0.5	0.5	11.1	3601.0	3726.0	3696.0	3727.0	521432.0	25000.0	90396.0	362602.0	58799.0
zr3644_5_L0-0.8_PE_report	15750.0	4118.0	0.0	508.0	2007.0	7548.0	5132.0	63.0	0.5	0.5	10.8	3853.0	3976.0	3947.0	3974.0	554240.0	25000.0	95598.0	386017.0	62562.0
zr3644_5_L0-1.0_PE_report	16538.0	4165.0	0.0	551.0	2309.0	7773.0	4297.0	66.152	0.6	0.6	10.6	4048.0	4181.0	4142.0	4167.0	579148.0	25000.0	99463.0	403644.0	65408.0
zr3644_5_PE_report	27837293.0	7096771.0	2.0	836798.0	3709508.0	12944665.0	9149592.0	63.14651625083001	0.5	0.5	10.5	7016275.0	7006413.0	6912882.0	6901721.0	979266474.0	44083656.0	167754971.0	683849753.0	110170779.0
zr3644_6_L-1-0.6_PE_report	14984.0	4031.0	0.0	455.0	2117.0	7101.0	5985.0	59.936	0.5	0.6	10.6	3784.0	3713.0	3721.0	3766.0	526324.0	25000.0	90112.0	366584.0	59955.0
zr3644_6_L0-0.4_PE_report	13120.0	3828.0	0.0	375.0	1740.0	6440.0	8052.0	52.480000000000004	0.5	0.5	10.9	3293.0	3273.0	3249.0	3305.0	463825.0	25000.0	79718.0	322706.0	52846.0
zr3644_6_L0-0.6_PE_report	14916.0	4033.0	0.0	449.0	2079.0	7063.0	6051.0	59.663999999999994	0.5	0.6	10.6	3766.0	3699.0	3701.0	3750.0	524206.0	25000.0	89781.0	365205.0	59629.0
zr3644_6_L0-0.8_PE_report	16021.0	4142.0	0.0	487.0	2294.0	7365.0	4837.0	64.084	0.5	0.6	10.3	4038.0	3986.0	3937.0	4060.0	559504.0	25000.0	95533.0	389927.0	63898.0
zr3644_6_L0-1.0_PE_report	16777.0	4211.0	0.0	515.0	2779.0	7668.0	4012.0	67.108	0.5	0.7	10.3	4269.0	4146.0	4119.0	4243.0	583180.0	25000.0	99203.0	406249.0	66766.0
zr3644_6_PE_report	33775198.0	8633159.0	12.0	1018157.0	4534792.0	15630526.0	10766456.0	63.51728589999931	0.5	0.5	10.5	8450279.0	8432031.0	8455635.0	8437241.0	1186147678.0	53174813.0	203425401.0	827671144.0	133867658.0
zr3644_7_L-1-0.6_PE_report	14717.0	3973.0	0.0	413.0	1874.0	6749.0	6310.0	58.867999999999995	0.5	0.5	10.3	3675.0	3605.0	3781.0	3656.0	516195.0	25000.0	88891.0	359719.0	58549.0
zr3644_7_L0-0.4_PE_report	12819.0	3743.0	0.0	340.0	1494.0	6175.0	8438.0	51.275999999999996	0.4	0.5	10.8	3211.0	3136.0	3325.0	3147.0	451859.0	25000.0	78295.0	314530.0	51025.0
zr3644_7_L0-0.6_PE_report	14651.0	3974.0	0.0	415.0	1865.0	6716.0	6375.0	58.604	0.5	0.5	10.3	3650.0	3591.0	3772.0	3638.0	514152.0	25000.0	88608.0	358309.0	58239.0
zr3644_7_L0-0.8_PE_report	15701.0	4096.0	0.0	448.0	2102.0	7041.0	5203.0	62.804	0.5	0.5	10.2	3943.0	3862.0	4025.0	3871.0	548847.0	25000.0	94172.0	382768.0	62316.0
zr3644_7_L0-1.0_PE_report	16496.0	4175.0	0.0	492.0	2579.0	7277.0	4329.0	65.984	0.5	0.6	10.1	4157.0	4039.0	4234.0	4066.0	573214.0	25000.0	98046.0	399765.0	65055.0
zr3644_7_PE_report	51365021.0	13001739.0	29.0	1542890.0	6881292.0	24128276.0	17205989.0	62.96835846490843	0.5	0.5	10.6	12867258.0	12834500.0	12846694.0	12816540.0	1802698980.0	81572749.0	307930814.0	1259441774.0	202773934.0
zr3644_8_L-1-0.6_PE_report	14765.0	4082.0	0.0	467.0	2093.0	7148.0	6153.0	59.06	0.5	0.6	10.9	3738.0	3716.0	3657.0	3654.0	518261.0	25000.0	90046.0	360142.0	58365.0
zr3644_8_L0-0.4_PE_report	12876.0	3864.0	0.0	392.0	1667.0	6612.0	8260.0	51.504000000000005	0.5	0.5	11.4	3225.0	3265.0	3196.0	3190.0	455195.0	25000.0	79537.0	315627.0	51360.0
zr3644_8_L0-0.6_PE_report	14707.0	4075.0	0.0	467.0	2000.0	7142.0	6218.0	58.828	0.5	0.6	10.9	3718.0	3705.0	3643.0	3641.0	516321.0	25000.0	89766.0	358747.0	58199.0
zr3644_8_L0-0.8_PE_report	15773.0	4219.0	0.0	496.0	2340.0	7456.0	5008.0	63.092000000000006	0.5	0.6	10.7	4014.0	3941.0	3892.0	3926.0	551013.0	25000.0	95297.0	383239.0	62185.0
zr3644_8_L0-1.0_PE_report	16575.0	4287.0	0.0	540.0	2819.0	7803.0	4138.0	66.3	0.5	0.7	10.7	4214.0	4121.0	4126.0	4114.0	576380.0	25000.0	99270.0	400794.0	65154.0
zr3644_8_PE_report	26624704.0	7105001.0	14.0	826844.0	3689564.0	12691048.0	8607140.0	62.88778485973624	0.5	0.6	10.7	6666416.0	6654456.0	6659973.0	6643845.0	932206335.0	42336845.0	160821684.0	648291516.0	105885679.0
zr3644_9_L-1-0.6_PE_report	14814.0	4341.0	0.0	432.0	1957.0	7572.0	5845.0	59.256	0.5	0.5	11.4	3714.0	3538.0	3735.0	3827.0	514105.0	25000.0	89769.0	355813.0	58562.0
zr3644_9_L0-0.4_PE_report	13062.0	4096.0	0.0	377.0	1625.0	6974.0	7842.0	52.248000000000005	0.5	0.5	11.8	3268.0	3123.0	3327.0	3344.0	456148.0	25000.0	79892.0	315242.0	52038.0
zr3644_9_L0-0.6_PE_report	14742.0	4348.0	0.0	429.0	1926.0	7525.0	5910.0	58.967999999999996	0.5	0.5	11.4	3693.0	3529.0	3721.0	3799.0	511958.0	25000.0	89462.0	354349.0	58267.0
zr3644_9_L0-0.8_PE_report	15781.0	4473.0	0.0	473.0	2209.0	7923.0	4746.0	63.124	0.5	0.6	11.3	3949.0	3788.0	3973.0	4071.0	545907.0	25000.0	94853.0	378256.0	62193.0
zr3644_9_L0-1.0_PE_report	16521.0	4578.0	0.0	511.0	2742.0	8103.0	3901.0	66.084	0.5	0.7	11.1	4122.0	3998.0	4149.0	4252.0	568037.0	25000.0	98475.0	393332.0	64874.0
zr3644_9_PE_report	29912869.0	8410717.0	9.0	885902.0	3967680.0	14666819.0	9250079.0	62.87694883293099	0.5	0.5	11.0	7454199.0	7441841.0	7516242.0	7500578.0	1035478149.0	47573665.0	179896807.0	717793566.0	118267375.0
